image: /home/capstone/maps/playground.pgm
resolution: 0.050000
origin: [-8.062062, -8.461127, 0.000000]
negate: 0
occupied_thresh: 0.65
free_thresh: 0.196
